2673876299
2673876303
2673876314
2673876362
2673876455
2673876518
2673876528
2673876597
2673876629
2673876678
2673876713
2673876724
2673876748
2673876751
2673876752
2673876806
267387681700000
2673876821
2673876830
2673876851
2673876874
2673876909
2673876948
2673877000
2673877007
2673877072
2673877140
2673877143
2673877144
2673877147
2673877210
2673877218
2673877250
2673877264
2673877301
2673877335
2673877465
2673877466
2673877480
2673877607
2673877613
2673877619
2673877625
267387771900000
2673877777
2673877825
2673877890
2673877892
2673877931
2673877973
2673877998
2673878009
2673878027
2673878034
2673878044
2673878160
2673878187
2673878192
2673878308
2673878329
2673878335
2673878408
2673878449
2673878458
2673878483
2673878495
2673878519
2673878536
2673878558
2673878680
2673878683
2673878768
2673878800
2673878840
2673878854
2673878858
2673878961
2673878965
2673878968
2673878973
2673879004
2673879005
2673879022
2673879144
2673879200
2673879214
2673879219
2673879221
2673879321
2673879328
2673879353
2673879455
2673879542
2673879678
2673879692
2673879739
2673879750
2673879759
2673879785
2673879788
2673879831
2673879833
2673879940
2673879981
2673885698
2673885707
2673885793
2673885816
2673885817
2673885859
2673885860
2673885881
2673885917
2673885926
2673885937
2673885941
2673885967
2673886022
2673886031
2673886089
2673886101
2673886125
2673886224
2673886240
2673886241
2673886296
2673886314
2673886326
2673886352
2673886356
2673886357
2673886363
2673886450
2673886451
2673886454
2673886466
2673886506
2673886509
2673886573
2673886575
2673886597
2673886606
2673886690
2673886706
2673886774
2673886940
2673886948
2673886966
2673886979
2673887008
2673887199
2673887238
2673887275
2673887280
2673887282
2673887317
2673887318
2673887336
2673887382
2673887493
2673887518
2673887525
2673887536
2673887538
2673887589
2673887606
2673887621
2673887634
2673887638
2673887690
2673887696
2673887714
2673887719
2673887720
2673887783
2673887829
2673887830
2673887931
2673887940
2673887985
2673887992
2673888022
2673888038
2673888177
2673888217
2673888254
2673888257
2673888311
2673888341
2673888364
2673888401
2673888442
2673888450
2673888529
2673888548
2673888551
2673888693
2673888703
2673888719
2673888737
2673888749
2673888834
2673888872
2673888897
2673888927
2673888982
2673889042
2673889086
2673889092
2673889186
2673889211
2673889268
2673889295
2673889310
2673889339
2673889391
2673889462
2673889474
2673889475
2673889484
2673889569
2673889585
2673889613
2673889666
2673889935
2673895699
2673895716
2673895748
2673895785
2673895822
2673895859
2673895879
2673895912
2673895915
2673895919
2673895934
2673895963
2673895981
2673895989
2673896113
2673896163
2673896198
2673896244
2673896261
2673896327
2673896356
2673896359
2673896374
2673896402
2673896479
2673896584
2673896612
2673896674
2673896701
2673896740
2673896802
2673896804
2673896833
2673896836
2673896853
2673896931
2673896942
2673897157
2673897171
2673897180
2673897220
2673897287
2673897292
2673897301
2673897306
2673897328
2673897338
2673897368
2673897389
2673897394
2673897451
2673897460
2673897469
2673897478
2673897490
2673897497
2673897601
2673897622
2673897624
2673897628
2673897677
2673897721
2673897873
2673897888
2673898181
2673898186
2673898195
2673898246
2673898277
2673898281
2673898284
2673898315
2673898322
2673898363
2673898367
2673898400
2673898414
2673898421
2673898449
2673898475
2673898605
2673898630
2673898635
2673898668
2673898669
2673898749
2673898751
2673898786
2673898794
2673898811
2673898900
2673898985
2673899161
2673899219
2673899262
2673899268
2673899308
2673899373
2673899376
2673899395
2673899433
2673899462
2673899468
2673899535
2673899640
2673899659
2673899724
2673899950
2673899957
2673899968
2673899970
2673905646
2673905675
2673905684
2673905751
2673905814
2673905822
2673905911
2673905937
2673905981
2673906031
2673906044
2673906075
2673906076
2673906106
2673906112
2673906114
2673906122
2673906132
2673906185
2673906207
2673906209
2673906210
2673906216
2673906240
2673906250
2673906271
2673906272
2673906296
2673906301
2673906313
2673906396
2673906440
2673906478
2673906536
2673906567
2673906612
2673906634
2673906724
2673906736
2673906851
2673906865
2673906871
2673906875
2673907130
2673907156
2673907213
2673907229
2673907318
2673907322
2673907357
2673907387
2673907389
2673907395
2673907398
2673907427
2673907455
2673907572
2673907579
2673907583
2673907595
2673907625
2673907653
2673907656
2673907662
2673907677
2673907687
2673907746
2673907757
2673907831
2673907911
2673907955
2673907990
2673908027
2673908028
2673908173
2673908177
2673908241
2673908326
2673908344
2673908514
2673908561
2673908564
2673908594
2673908634
2673908658
2673908660
2673908767
2673908776
2673908807
2673908907
2673908970
2673908973
2673909131
2673909211
2673909252
2673909276
2673909318
2673909327
2673909358
2673909367
2673909372
2673909392
2673909400
2673909401
2673909508
2673909541
2673909553
2673909705
2673909715
2673909721
2673909732
2673909744
2673909746
2673909792
2673909795
2673909798
2673909994
2673915566
2673915651
2673915712
2673915722
2673915742
2673915758
2673915792
2673915812
2673915849
2673915865
2673915875
2673915892
2673915944
2673915948
2673915963
2673915966
2673915980
2673915987
2673916012
2673916032
2673916057
2673916104
2673916127
2673916144
2673916156
2673916165
2673916176
2673916214
2673916217
2673916223
2673916226
2673916228
2673916517
2673916535
2673916556
2673916560
2673916609
2673916659
2673916660
2673916679
2673916735
2673916752
2673916765
2673916867
2673916869
2673916884
2673916886
2673916906
2673916910
2673916976
2673917050
2673917063
2673917078
2673917088
2673917146
2673917148
2673917192
2673917194
2673917201
2673917226
2673917232
2673917237
2673917304
2673917311
2673917335
2673917365
2673917509
2673917518
2673917529
2673917561
2673917590
2673917617
2673917758
2673917854
2673917855
2673917856
2673917907
2673917910
2673917911
2673917966
2673918019
2673918020
2673918095
2673918101
2673918178
2673918281
2673918294
2673918298
2673918303
2673918394
2673918454
2673918458
2673918472
2673918504
2673918511
2673918667
2673918760
2673918782
2673918833
2673918916
2673918938
2673918977
2673919032
2673919064
2673919072
2673919088
2673919124
2673919163
2673919287
2673919343
2673919440
2673919468
2673919490
2673919514
2673919519
2673919541
2673919581
2673919586
2673919605
2673919606
2673919626
2673919647
2673919684
2673919756
2673919834
2673919882
2673919950
2673919973
2673925300
2673925311
2673925340
2673925383
2673925411
2673925447
2673925478
2673925487
2673925565
2673925598
2673925621
2673925633
2673925644
2673925650
2673925664
2673925679
2673925755
2673925757
2673925760
2673925787
2673925797
2673925806
2673925810
2673925815
2673925850
2673925857
2673925884
2673925965
2673925980
2673925989
2673926051
2673926152
2673926213
2673926266
2673926267
2673926270
2673926317
2673926318
2673926354
2673926405
2673926432
2673926482
2673926655
2673926731
2673926735
2673926758
2673926786
2673926872
2673926879
2673926888
2673926935
2673926987
2673926989
2673926997
2673927114
2673927121
2673927222
2673927295
2673927296
2673927327
2673927405
2673927465
2673927506
2673927539
2673927792
2673927830
2673927957
2673928039
2673928063
2673928107
2673928130
2673928142
2673928190
2673928234
2673928423
2673928491
2673928537
2673928666
2673928683
2673928729
2673928751
2673928786
2673928897
2673928934
2673928981
2673929044
2673929114
2673929139
2673929192
2673929211
2673929217
2673929280
2673929285
2673929303
2673929308
2673929377
2673929467
2673929608
2673929727
2673929803
2673929808
2673929898
2673929938
2673929972
2673929987
2673929989
2673935094
2673935110
2673935123
2673935142
2673935155
2673935201
2673935219
2673935280
2673935293
2673935336
2673935353
2673935369
2673935390
2673935411
2673935440
2673935492
2673935530
2673935625
2673935650
2673935656
2673935664
2673935665
2673935685
2673935687
2673935754
2673935821
2673935901
2673935912
2673936021
2673936025
2673936026
2673936061
2673936082
2673936111
2673936160
2673936380
2673936464
2673936540
2673936585
2673936605
2673936613
2673936624
2673936640
2673936666
2673936694
2673936774
2673936817
2673936844
2673936862
2673936865
2673936866
2673936918
2673936960
2673936966
2673936984
2673936997
2673937005
2673937083
2673937117
2673937119
2673937171
2673937209
2673937212
2673937309
2673937322
2673937325
2673937360
2673937387
2673937396
2673937482
2673937504
2673937644
2673937649
2673937713
2673937792
2673937826
2673937828
2673937829
2673937900
2673938116
2673938164
2673938198
2673938208
2673938330
2673938427
2673938444
2673938470
2673938549
2673938697
2673938703
2673938736
2673938758
2673938772
2673938777
2673938813
2673938875
2673938881
2673938902
2673938904
2673938909
2673938973
2673938974
2673939011
2673939075
2673939109
2673939141
2673939177
2673939200
2673939211
2673939266
2673939268
2673939280
2673939314
2673939457
2673939674
2673939716
2673939749
2673939781
2673939806
2673939810
2673939829
2673939876
2673939889
2673965002
2673965006
2673965052
2673965095
2673965108
2673965167
2673965173
2673965182
2673965216
2673965249
2673965272
2673965287
2673965308
2673965318
2673965328
2673965398
2673965399
2673965404
2673965435
2673965440
2673965512
2673965528
2673965608
2673965656
2673965695
2673965709
2673965710
2673965713
2673965727
2673965820
2673965862
2673966004
2673966017
2673966080
2673966097
2673966102
2673966165
2673966206
2673966215
2673966270
2673966302
2673966330
2673966333
2673966360
2673966375
2673966420
2673966497
2673966579
2673966581
2673966589
2673966614
2673966638
2673966667
2673966669
2673966741
2673966751
2673966796
2673966804
2673966821
2673966841
2673966882
2673966923
2673966931
2673967009
2673967017
2673967146
2673967168
2673967169
2673967203
2673967252
2673967253
2673967286
2673967522
2673967602
2673967666
2673967734
2673967748
2673967811
2673967821
2673967827
2673967834
2673967837
2673967883
2673967885
2673967970
2673968064
2673968103
2673968126
2673968130
2673968142
2673968161
2673968286
2673968399
2673968418
2673968473
2673968475
2673968486
2673968505
2673968511
2673968580
2673968622
2673968627
2673968645
2673968760
2673968796
2673968812
2673968848
2673969021
2673969022
2673969122
2673969211
2673969375
2673969378
2673969502
2673969544
2673969571
2673969625
2673969636
2673969649
2673969680
2673969948
2673969951
2673974809
2673974827
2673974836
2673974893
2673974920
2673974921
2673974979
2673975020
2673975032
2673975036
2673975042
2673975048
2673975081
2673975082
2673975099
2673975127
2673975139
2673975199
2673975257
2673975286
2673975316
2673975320
2673975332
2673975388
2673975395
2673975430
2673975491
2673975495
2673975525
2673975526
2673975528
2673975661
2673975666
2673975677
2673975705
2673975884
2673975885
2673975902
2673975945
2673975994
2673976177
2673976265
2673976289
2673976300
2673976374
2673976580
2673976588
2673976608
2673976652
2673976654
2673976666
2673976684
2673976688
2673976698
2673976718
2673976885
2673976974
2673977027
2673977040
2673977075
2673977221
2673977254
2673977301
2673977311
2673977362
2673977394
2673977454
2673977522
2673977548
2673977632
2673977641
2673977657
2673977658
2673977835
2673977886
2673978006
2673978038
2673978044
2673978047
2673978093
2673978144
2673978148
2673978186
2673978191
2673978237
2673978276
2673978278
2673978296
2673978309
2673978333
2673978364